263.00
580.00
387.00
880.00
363.00
329.00
140.00
656.00
195.00
884.00
711.00
910.00
170.00
606.00
369.00
64.00
110.00
736.00
315.00
300.00
587.00
134.00
863.00
165.00
521.00
200.00
802.00
739.00
869.00
313.00
195.00
607.00
714.00
231.00
743.00
420.00
14.00
288.00
966.00
88.00
754.00
293.00
762.00
122.00
864.00
971.00
935.00
98.00
364.00
428.00
295.00
287.00
65.00
525.00
647.00
481.00
929.00
276.00
426.00
932.00
948.00
810.00
180.00
470.00
41.00
530.00
550.00
785.00
179.00
628.00
924.00
930.00
228.00
101.00
579.00
316.00
503.00
559.00
831.00
385.00
141.00
811.00
164.00
29.00
539.00
563.00
259.00
156.00
30.00
201.00
163.00
863.00
128.00
792.00
290.00
773.00
654.00
378.00
273.00
306.00
440.00
441.00
640.00
949.00
918.00
300.00
538.00
997.00
847.00
643.00
395.00
357.00
297.00
583.00
24.00
379.00
532.00
903.00
801.00
107.00
509.00
215.00
845.00
471.00
70.00
110.00
589.00
512.00
66.00
894.00
236.00
911.00
208.00
221.00
851.00
434.00
592.00
246.00
587.00
101.00
962.00
794.00
173.00
607.00
68.00
844.00
749.00
885.00
204.00
527.00
200.00
674.00
692.00
654.00
186.00
322.00
455.00
862.00
622.00
370.00
456.00
849.00
608.00
824.00
375.00
732.00
520.00
818.00
504.00
841.00
483.00
994.00
416.00
285.00
626.00
831.00
348.00
950.00
136.00
633.00
589.00
525.00
941.00
16.00
617.00
437.00
684.00
303.00
770.00
300.00
227.00
574.00
289.00
727.00
198.00
904.00
372.00
20.00
856.00
106.00
84.00
479.00
578.00
699.00
572.00
162.00
666.00
968.00
684.00
460.00
918.00
336.00
990.00
192.00
944.00
879.00
280.00
946.00
549.00
508.00
204.00
786.00
695.00
907.00
549.00
369.00
910.00
297.00
947.00
130.00
768.00
402.00
392.00
387.00
959.00
317.00
221.00
243.00
227.00
174.00
93.00
307.00
443.00
250.00
720.00
23.00
240.00
403.00
296.00
827.00
630.00
132.00
478.00
444.00
643.00
407.00
64.00
117.00
707.00
365.00
985.00
114.00
899.00
770.00
497.00
157.00
231.00
626.00
910.00
633.00
226.00
808.00
158.00
90.00
255.00
525.00
260.00
330.00
228.00
870.00
843.00
648.00
585.00
672.00
940.00
555.00
777.00
277.00
858.00
890.00
527.00
771.00
459.00
585.00
416.00
669.00
198.00
989.00
50.00
901.00
862.00
110.00
997.00
995.00
776.00
917.00
460.00
570.00
24.00
268.00
301.00
890.00
885.00
104.00
707.00
468.00
32.00
532.00
436.00
251.00
58.00
693.00
151.00
620.00
860.00
177.00
717.00
376.00
216.00
931.00
375.00
754.00
890.00
385.00
998.00
817.00
355.00
107.00
546.00
540.00
962.00
687.00
165.00
482.00
678.00
590.00
660.00
583.00
565.00
943.00
818.00
868.00
670.00
201.00
903.00
491.00
281.00
745.00
142.00
802.00
399.00
786.00
115.00
314.00
242.00
104.00
269.00
65.00
995.00
378.00
52.00
172.00
539.00
644.00
932.00
721.00
143.00
754.00
928.00
833.00
972.00
76.00
401.00
550.00
705.00
657.00
508.00
381.00
921.00
485.00
471.00
398.00
115.00
765.00
950.00
43.00
681.00
371.00
10.00
606.00
623.00
140.00
235.00
549.00
182.00
428.00
126.00
187.00
793.00
751.00
571.00
266.00
81.00
422.00
230.00
758.00
280.00
377.00
867.00
34.00
397.00
928.00
884.00
452.00
799.00
83.00
558.00
491.00
795.00
282.00
919.00
960.00
57.00
768.00
250.00
393.00
399.00
530.00
429.00
437.00
606.00
467.00
53.00
439.00
539.00
719.00
497.00
414.00
110.00
79.00
157.00
215.00
281.00
611.00
707.00
38.00
883.00
554.00
212.00
421.00
544.00
921.00
654.00
421.00
112.00
799.00
901.00
888.00
357.00
380.00
717.00
252.00
900.00
752.00
211.00
664.00
268.00
583.00
886.00
198.00
116.00
526.00
439.00
743.00
293.00
673.00
353.00
16.00
116.00
776.00
926.00
565.00
550.00
803.00
960.00
21.00
397.00
251.00
809.00
74.00
290.00
664.00
627.00
201.00
369.00
283.00
566.00
551.00
145.00
727.00
448.00
535.00
101.00
849.00
794.00
440.00
615.00
872.00
263.00
452.00
707.00
921.00
638.00
458.00
87.00
234.00
330.00
758.00
595.00
768.00
859.00
26.00
120.00
854.00
114.00
940.00
484.00
633.00
822.00
481.00
53.00
640.00
111.00
690.00
265.00
82.00
655.00
819.00
73.00
432.00
725.00
409.00
368.00
538.00
644.00
307.00
176.00
438.00
757.00
761.00
807.00
898.00
670.00
392.00
682.00
238.00
867.00
568.00
314.00
989.00
34.00
911.00
723.00
656.00
240.00
973.00
347.00
328.00
264.00
439.00
53.00
573.00
9.00
11.00
49.00
332.00
434.00
380.00
817.00
229.00
442.00
454.00
834.00
406.00
83.00
194.00
943.00
943.00
811.00
353.00
5.00
845.00
505.00
956.00
718.00
667.00
702.00
117.00
963.00
595.00
185.00
680.00
304.00
870.00
666.00
139.00
332.00
576.00
268.00
727.00
132.00
284.00
549.00
794.00
938.00
722.00
128.00
287.00
839.00
417.00
333.00
868.00
966.00
957.00
515.00
947.00
863.00
368.00
520.00
896.00
682.00
856.00
579.00
449.00
90.00
854.00
497.00
109.00
141.00
917.00
545.00
300.00
429.00
252.00
814.00
648.00
39.00
703.00
536.00
697.00
995.00
687.00
193.00
21.00
871.00
58.00
710.00
936.00
189.00
234.00
359.00
235.00
377.00
817.00
15.00
429.00
642.00
522.00
387.00
677.00
879.00
267.00
351.00
373.00
436.00
179.00
733.00
728.00
304.00
243.00
1000.00
218.00
876.00
603.00
144.00
173.00
709.00
472.00
543.00
775.00
495.00
570.00
385.00
868.00
620.00
160.00
771.00
119.00
617.00
775.00
882.00
85.00
721.00
570.00
627.00
66.00
475.00
133.00
2.00
208.00
383.00
976.00
452.00
488.00
64.00
968.00
108.00
46.00
119.00
67.00
730.00
517.00
284.00
913.00
819.00
298.00
465.00
